9.348411892710500126e+01
6.870425911201330393e+01
5.663557618711720210e+01
4.261265551348289904e+01
3.206707645744909740e+01
2.160303875295279852e+01
1.349867459510480039e+01
1.041390476771129947e+01
9.957603217152980690e+00
1.462015651441910080e+01
1.749190203783430064e+01
2.353637542844219865e+01
2.961067410223990137e+01
3.254410854622509675e+01
5.351237296921620157e+01
7.548619487515419735e+01
8.003462944120499856e+01
9.516421539821129727e+01
1.235379945886730013e+02
1.328035277682780020e+02
1.120654558183589984e+02
8.914500150472790097e+01
8.182587695675080397e+01
7.247165727665820611e+01


