9.348411892722789673e+01
9.351063236997437400e+01
8.322131299946863692e+01
7.757010824146564687e+01
7.248393268995431526e+01
6.855471827992835188e+01
6.531706874765670534e+01
6.252269494185687648e+01
5.989898269050937785e+01
5.710801543770965338e+01
5.394961688977622316e+01
5.045912964196465111e+01
4.695096378459039244e+01
4.359473916674166105e+01
4.057288867051145331e+01
3.799551275340203915e+01
3.556892797978456144e+01
3.324681253892502752e+01
3.084722329793616069e+01
2.834647354904641503e+01
2.577844822885726472e+01
2.322815162781070342e+01
2.080965696261476339e+01
1.852884694016166378e+01
1.645879137358490496e+01
1.470372512530704689e+01
1.327065924572849731e+01
1.220664999644093207e+01
1.146849878559816105e+01
1.090377236038195896e+01
1.042503925696834877e+01
9.962771571840328022e+00
9.612907930529596356e+00
9.522648335168158340e+00
9.806107532130926785e+00
1.058396053281644811e+01
1.174139798837865456e+01
1.304945599432042869e+01
1.427143814697442536e+01
1.519891114154860823e+01
1.583549805602125105e+01
1.639860525237892119e+01
1.701738432837193571e+01
1.792662153693962068e+01
1.911509295578555268e+01
2.058045941084035135e+01
2.226494180658905364e+01
2.406207828876713606e+01
2.588920899172908463e+01
2.758040964134416839e+01
2.893632891591033385e+01
2.971387441052765155e+01
2.990030903495346237e+01
2.996869114768543696e+01
3.058149936910963618e+01
3.225594877415818473e+01
3.553709047392234055e+01
4.021725116293942648e+01
4.578902212970378116e+01
5.202573984875436253e+01
5.837392631441765189e+01
6.456081630849372743e+01
6.999613465183355743e+01
7.429499124645795405e+01
7.699388064408590537e+01
7.829110628213375378e+01
7.885124210965456371e+01
7.939755024997037935e+01
8.058274269463036887e+01
8.287175519449441197e+01
8.624889833854723520e+01
9.083969324375627252e+01
9.658781638504957812e+01
1.033765564873111202e+02
1.106569700211554448e+02
1.177756636142257207e+02
1.240192252121245247e+02
1.289496057578971318e+02
1.322252060586749849e+02
1.337088108570326312e+02
1.331505842828651112e+02
1.304406608550843032e+02
1.259602873498484286e+02
1.202419901102554576e+02
1.139188295944470894e+02
1.073727103120856867e+02
1.011770155869639467e+02
9.555014655384186995e+01
9.077594915691074107e+01
8.727874428188657419e+01
8.494709929654786151e+01
8.346561191517010059e+01
8.238689753283006212e+01
8.146078168662171493e+01
8.028331347746943436e+01
7.848099363953639340e+01
7.572969822697920961e+01
