1.468513303351429933e+01
1.421511938455328306e+01
1.374510573559226678e+01
1.327509208663125051e+01
1.280507843767023424e+01
1.202141290760720693e+01
1.117171540257533735e+01
1.032201789754346599e+01
9.472320392511594633e+00
8.307093495280032158e+00
6.973584255541966037e+00
5.640075015803899916e+00
4.306565776065834683e+00
3.197081824128569227e+00
2.331989095246720822e+00
1.466896366364872639e+00
6.018036374830242341e-01
1.774883460409721059e-01
7.606643401755938116e-01
1.343840334310215656e+00
1.927016328444837390e+00
2.473138945989703963e+00
2.772239052936201986e+00
3.071339159882700010e+00
3.370439266829198033e+00
3.669539373775695612e+00
3.239661351639694153e+00
2.776647959999944515e+00
2.313634568360194876e+00
1.850621176720445238e+00
1.421847449409862518e+00
1.002584739968492622e+00
5.833220305271228368e-01
1.640593210857531070e-01
0.000000000000000000e+00
0.000000000000000000e+00
0.000000000000000000e+00
0.000000000000000000e+00
5.835293225012356394e-02
1.925646764254066168e-01
3.267764206006896766e-01
4.609881647759727641e-01
7.430075244623416397e-01
1.443815128096788358e+00
2.144622731731235188e+00
2.845430335365681795e+00
3.598269893514291162e+00
4.897444974061595069e+00
6.196620054608899864e+00
7.495795135156203770e+00
8.794970215703507677e+00
1.055859841467493609e+01
1.236646024397246890e+01
1.417432207327000171e+01
1.598218390256753452e+01
1.708032552750588096e+01
1.792797766855274944e+01
1.877562980959962147e+01
1.962328195064648995e+01
2.077128007179419455e+01
2.215031356225022918e+01
2.352934705270626026e+01
2.490838054316229488e+01
2.630799745439764692e+01
2.773963302017860144e+01
2.917126858595955596e+01
3.060290415174050693e+01
3.162624479503671893e+01
3.117972371738786919e+01
3.073320263973902300e+01
3.028668156209017326e+01
2.989407361179382860e+01
3.068755446325267400e+01
3.148103531471151939e+01
3.227451616617036478e+01
3.306799701762921018e+01
3.144525000167207551e+01
2.946006880560256747e+01
2.747488760953305942e+01
2.548970641346355137e+01
2.561364354236995311e+01
2.666031993845329851e+01
2.770699633453664390e+01
2.875367273061998930e+01
2.866401047881341313e+01
2.753270446644106784e+01
2.640139845406872254e+01
2.527009244169637725e+01
2.388329556657709318e+01
2.201745332380732023e+01
2.015161108103754728e+01
1.828576883826777078e+01
1.674460132235335053e+01
1.674563875900181387e+01
1.674667619565027721e+01
1.674771363229873700e+01
1.674875106894720034e+01
