6.957481705390459581e+01
6.956838968417423530e+01
6.747787068438368863e+01
6.915523626740740326e+01
7.280284343646761158e+01
7.835449498703376037e+01
8.545715519056287235e+01
9.381982657667794001e+01
1.029829376834871368e+02
1.126867008295857033e+02
1.225063491416947983e+02
1.305643335629197850e+02
1.345378673308530324e+02
1.321885324327316766e+02
1.213205132933082240e+02
1.038332101551435755e+02
8.477493615080436484e+01
6.863394668821747757e+01
5.997158138884131517e+01
5.969413335629938899e+01
6.376406694073821768e+01
6.859073289401533202e+01
7.063852823332658204e+01
6.793075005197931659e+01
6.280607598635065614e+01
5.725285461740354265e+01
5.346573230986758318e+01
5.274865953269174668e+01
5.357591617857757171e+01
5.422880460914411316e+01
5.313550028563225425e+01
4.887343517523756020e+01
4.293494495122458687e+01
3.754197952953859385e+01
3.456001243914535337e+01
3.582895259774409169e+01
4.061259539025954268e+01
4.673683808344948432e+01
5.239023911622372509e+01
5.571000836471741735e+01
5.624326538873516057e+01
5.491820171392338068e+01
5.240740613954995553e+01
4.941397781985222082e+01
4.666142940570915698e+01
4.477183947535149144e+01
4.427898636352450268e+01
4.590525739431129892e+01
4.982346196758135903e+01
5.478612525836764746e+01
5.981605491921472151e+01
6.378057660704985921e+01
6.583833449685728567e+01
6.625579816457587867e+01
6.554163570168120145e+01
6.395823852848418767e+01
6.192677700221680226e+01
5.958398185434254657e+01
5.685470982199930745e+01
5.384718598782281163e+01
5.055808913458166387e+01
4.716598179481287190e+01
4.395339748882460640e+01
4.116122199490978062e+01
3.899868479571935609e+01
3.765943905677141856e+01
3.716417627118235600e+01
3.754674713158237154e+01
3.892752524687416837e+01
4.095856146847410173e+01
4.277372429487799366e+01
4.352608946183679706e+01
4.235038521479155804e+01
3.888022929894481194e+01
3.409891530395615433e+01
2.906843376729220907e+01
2.481897162491429043e+01
2.221865551119547888e+01
2.104514878877022355e+01
2.093357509711509934e+01
2.159284455833464023e+01
2.271965069792715397e+01
2.412184591829604585e+01
2.561754127585736640e+01
2.704926109185224092e+01
2.823494427121848815e+01
2.922667201649661806e+01
3.021697647188100078e+01
3.138838131433112721e+01
3.286980653917847661e+01
3.462675893741698729e+01
3.626847503431928743e+01
3.757411029062301111e+01
3.818016030270876371e+01
3.779852544331063768e+01
3.614688734006247728e+01
3.288630100884695651e+01
