2.210255326190878122e+01
2.211736276436649362e+01
2.028713239546599212e+01
1.899590001293757169e+01
1.767284410054342203e+01
1.654568620826281489e+01
1.558775680925540641e+01
1.488496634161057131e+01
1.444124321801351840e+01
1.432468408362517565e+01
1.454689407562247006e+01
1.497324078025426175e+01
1.533765893517794154e+01
1.541653276687123508e+01
1.496764451333981860e+01
1.407483238271829151e+01
1.293732022166582141e+01
1.179825319905020820e+01
1.088284397821972327e+01
1.025664597514834142e+01
9.815298914691680920e+00
9.489054131903463585e+00
9.198117032499149914e+00
8.823778098675589376e+00
8.277113993486839405e+00
7.451215021777905179e+00
6.234722765335416028e+00
4.594624445122049927e+00
2.811461508071801951e+00
1.263676042843658420e+00
4.545870071328306783e-01
6.929872042065281512e-01
8.914166323596237618e-01
7.111128647972689842e-01
3.921703818232366578e-01
2.359171504385184082e-01
1.787742226350125252e-01
1.716081374136401161e-01
1.805799995004062353e-01
1.765233195378368425e-01
5.528340915471928740e-01
1.134949236931999117e+00
1.819771002424489081e+00
2.549118838735529913e+00
3.288727960323705179e+00
3.992998413520936207e+00
4.643118091146035020e+00
5.189192406425060966e+00
5.608935838528202211e+00
5.898654973501044729e+00
6.046335297698507638e+00
6.027894962194104700e+00
5.889475041621376583e+00
5.857509671373912319e+00
6.160436093084908471e+00
7.060120104465133828e+00
8.783313633295058764e+00
1.152867374813403423e+01
1.548555502847395182e+01
2.088422408666854224e+01
2.783097322866640511e+01
3.593518894796872587e+01
4.426828276494544667e+01
5.211968887412461271e+01
5.871239397894871104e+01
6.362535178330480079e+01
6.674204506533199321e+01
6.802919641541157603e+01
6.732958267141094666e+01
6.503360424139705742e+01
6.272227791605536851e+01
6.160429696200230154e+01
6.319308445287834530e+01
6.806348964368535803e+01
7.449608185398426485e+01
8.090347125971099729e+01
8.553700548881036525e+01
8.711491427147559818e+01
8.627965623971607556e+01
8.388458452490662864e+01
8.093208979860111185e+01
7.805179754398231751e+01
7.557676029071957657e+01
7.357704577337480600e+01
7.207668214797310213e+01
7.123197310831723428e+01
7.096200205746492884e+01
7.112842540266748870e+01
7.163414739295170364e+01
7.241506186113012689e+01
7.319221770783912007e+01
7.373336860227952627e+01
7.366175856963761248e+01
7.266289270242486964e+01
7.054144930301625038e+01
6.686539768410975171e+01
6.135879702561014426e+01
