1.001193199075679985e+02
1.026471490140370122e+02
1.051749781205060259e+02
1.077028072269750396e+02
1.102306363334440391e+02
1.184328961107238314e+02
1.278297728713321817e+02
1.372266496319405462e+02
1.466235263925489107e+02
1.502205493739554072e+02
1.507243170064542142e+02
1.512280846389530495e+02
1.517318522714518849e+02
1.504809646341989264e+02
1.473159076117622419e+02
1.441508505893255290e+02
1.409857935668888160e+02
1.394187911758520499e+02
1.415044850851579383e+02
1.435901789944638267e+02
1.456758729037696867e+02
1.473825564559453483e+02
1.465625042939193179e+02
1.457424521318932591e+02
1.449223999698672287e+02
1.441023478078411983e+02
1.423229736243794719e+02
1.404999938944888527e+02
1.386770141645982051e+02
1.368540344347075859e+02
1.371942793035603927e+02
1.381354198942863718e+02
1.390765604850123509e+02
1.400177010757383300e+02
1.383594449752544904e+02
1.350301481447072547e+02
1.317008513141599906e+02
1.283715544836127265e+02
1.258078980113662197e+02
1.242395740049106507e+02
1.226712499984550817e+02
1.211029259919995127e+02
1.198773317364586291e+02
1.196228051085093540e+02
1.193682784805600789e+02
1.191137518526108181e+02
1.187283648967218284e+02
1.169689444974659125e+02
1.152095240982099966e+02
1.134501036989540808e+02
1.116906832996981649e+02
1.101920446363044022e+02
1.087182423287070350e+02
1.072444400211096820e+02
1.057706377135123148e+02
1.011247523091590494e+02
9.535930816477427641e+01
8.959386402038951758e+01
8.382841987600475875e+01
8.269209278209474689e+01
8.511662495778067239e+01
8.754115713346659788e+01
8.996568930915252338e+01
9.276339111539935800e+01
9.614157901362986536e+01
9.951976691186037272e+01
1.028979548100908801e+02
1.047731265294486747e+02
1.012374400048648226e+02
9.770175348028095641e+01
9.416606695569710439e+01
9.074559138081129106e+01
8.985975669928262732e+01
8.897392201775394938e+01
8.808808733622528564e+01
8.720225265469662190e+01
8.067100684781372877e+01
7.329294937212776517e+01
6.591489189644178737e+01
5.853683442075581667e+01
5.311099875054935637e+01
4.853926012024016501e+01
4.396752148993096654e+01
3.939578285962177517e+01
3.711936575324374132e+01
3.694699337713593223e+01
3.677462100102813025e+01
3.660224862492032827e+01
3.613169055949371256e+01
3.510203432659436373e+01
3.407237809369501491e+01
3.304272186079566609e+01
3.239183424353738872e+01
3.354009755057416697e+01
3.468836085761094523e+01
3.583662416464772349e+01
3.698488747168450175e+01
