1.806511793377412118e+02
1.806778042978028509e+02
1.896655344527181342e+02
1.910665835912092803e+02
1.902731634074953604e+02
1.870150674184893091e+02
1.827342635010602692e+02
1.780537019356305564e+02
1.740506171264155171e+02
1.717425660817177970e+02
1.718061327180026581e+02
1.730599026312987121e+02
1.732352019359439339e+02
1.704748749486274164e+02
1.627678283063302729e+02
1.504401398360955966e+02
1.358060362713273719e+02
1.206363500158861228e+02
1.070031492124557673e+02
9.582471039340312302e+01
8.712965321888819403e+01
8.085106038569276166e+01
7.705915896526684605e+01
7.547365011837914039e+01
7.508706342676117629e+01
7.499537396909853726e+01
7.419839797913475365e+01
7.211083287092525040e+01
6.949975054109702910e+01
6.729035217081914766e+01
6.635337584525916554e+01
6.732383507146191448e+01
6.953098306320758581e+01
7.181765023362098077e+01
7.317688174976899518e+01
7.272158771525784005e+01
7.082814726586806842e+01
6.886346181936234245e+01
6.776423735893990852e+01
6.863880628447621746e+01
7.126296005341406214e+01
7.429279920098544210e+01
7.650448844281052629e+01
7.681665859338670543e+01
7.493310453339630328e+01
7.266030492349511860e+01
7.127076179450742188e+01
7.226879615296361692e+01
7.644808215540079743e+01
8.256211182259416148e+01
8.950048780153861117e+01
9.614507491697985131e+01
1.016704094107096950e+02
1.067523459840810318e+02
1.122636500048922130e+02
1.190348847379975581e+02
1.277612065905790928e+02
1.375273122413769613e+02
1.471340868046501384e+02
1.554156043184054283e+02
1.611424948568565014e+02
1.647761011110223706e+02
1.672182288345238419e+02
1.694910670298155821e+02
1.724115501200687959e+02
1.761330013389213036e+02
1.798532879342658077e+02
1.830069643634834904e+02
1.847976838873890131e+02
1.849870542323958489e+02
1.838458680109755790e+02
1.816787160705069937e+02
1.787560204789581917e+02
1.754914769601250555e+02
1.730899568410495988e+02
1.726161065538214814e+02
1.752165408672818501e+02
1.814141469570780600e+02
1.885692583090394692e+02
1.936837424860879651e+02
1.937069133943671773e+02
1.861183551755936492e+02
1.733053116700845635e+02
1.591479419254234529e+02
1.473718778662428122e+02
1.414637559882449978e+02
1.413231540757307414e+02
1.441363808238269826e+02
1.476142664376322671e+02
1.495058239958010518e+02
1.490523460287355135e+02
1.472286108704200274e+02
1.449544012878158128e+02
1.432299114744833446e+02
1.428504571203261264e+02
1.447884857843896782e+02
1.498567933585306662e+02
