6.957481705376929426e+01
7.167098848262347133e+01
7.376715991147764839e+01
7.586333134033181125e+01
7.795950276918598831e+01
8.542020798194486986e+01
9.401028872815736293e+01
1.026003694743698560e+02
1.111904502205823491e+02
1.164917171523761255e+02
1.200389500498132378e+02
1.235861829472503644e+02
1.271334158446874909e+02
1.215193408030656883e+02
1.059111116461069315e+02
9.030288248914817473e+01
7.469465333218940373e+01
6.429523365664789480e+01
6.580166422434578521e+01
6.730809479204367562e+01
6.881452535974158025e+01
6.962368468840577407e+01
6.578436909017871415e+01
6.194505349195164001e+01
5.810573789372456588e+01
5.426642229549749885e+01
5.380556619655816064e+01
5.349827643849553027e+01
5.319098668043289280e+01
5.288369692237026243e+01
4.943486932217848562e+01
4.511339232139528832e+01
4.079191532061209813e+01
3.647043831982890083e+01
3.754517183952799542e+01
4.208889783667996909e+01
4.663262383383194987e+01
5.117634983098393064e+01
5.343683811842923603e+01
5.272911738325589681e+01
5.202139664808256470e+01
5.131367591290923258e+01
5.045339183186737841e+01
4.916084493753136542e+01
4.786829804319535242e+01
4.657575114885933942e+01
4.576823390451507123e+01
5.005352798508401690e+01
5.433882206565296968e+01
5.862411614622191536e+01
6.290941022679086103e+01
6.339612996549037405e+01
6.352108071924996580e+01
6.364603147300955754e+01
6.377098222676914929e+01
6.190298723146748472e+01
5.933159961885007760e+01
5.676021200623267760e+01
5.418882439361527048e+01
5.133245691146356648e+01
4.825687414505470940e+01
4.518129137864585232e+01
4.210570861223699524e+01
4.005310830014886392e+01
3.959181402811520201e+01
3.913051975608154009e+01
3.866922548404788529e+01
3.853568437813764547e+01
3.958205467027169533e+01
4.062842496240575230e+01
4.167479525453980926e+01
4.249358922356956469e+01
3.830570408430433105e+01
3.411781894503909029e+01
2.992993380577385665e+01
2.574204866650861945e+01
2.447606172395056134e+01
2.364835951089855470e+01
2.282065729784654451e+01
2.199295508479453787e+01
2.267987855895741944e+01
2.402945077127680307e+01
2.537902298359619024e+01
2.672859519591557387e+01
2.795685034972038707e+01
2.907389819988684110e+01
3.019094605005329157e+01
3.130799390021974560e+01
3.253208355450043143e+01
3.395687659149530191e+01
3.538166962849017949e+01
3.680646266548504997e+01
3.759947356544765995e+01
3.539151931450714983e+01
3.318356506356663260e+01
3.097561081262611538e+01
2.876765656168560170e+01
