1.468513303349934240e+01
1.468617199261572637e+01
1.418369016037000563e+01
1.378524679954939991e+01
1.326854680010733212e+01
1.271309160869110322e+01
1.205907372198068828e+01
1.130093783562161214e+01
1.040018441914983427e+01
9.365740661722785632e+00
8.154616196928108351e+00
6.830253463615412635e+00
5.438086873070622218e+00
4.041277861081454148e+00
2.714255146470242241e+00
1.564311087962033442e+00
7.412048324112858744e-01
3.430560558329669441e-01
2.229189697777748114e-01
3.869637750127782327e-01
1.122061874504901136e+00
1.923524516577573618e+00
2.676430799041980446e+00
3.236301685391975713e+00
3.600092838953571128e+00
3.749769794687788149e+00
3.674995283926621781e+00
3.371459031166426534e+00
2.911392575916528447e+00
2.354493072698101486e+00
1.772113776781729877e+00
1.235085263851652071e+00
7.836958210943997249e-01
4.475090883270301245e-01
2.580858844127595919e-01
2.335963000174509085e-01
2.636586616938152994e-01
2.512094851949798757e-01
2.033655779210747916e-01
1.645925737396586319e-01
1.567844509672785824e-01
2.062796954126204507e-01
3.844859053857884734e-01
7.385061937365229312e-01
1.279688383034237820e+00
1.975179827923224440e+00
2.814117156548344045e+00
3.755049406121097277e+00
4.814811857494734504e+00
6.027886250851573813e+00
7.440649987934198073e+00
9.085332956528381132e+00
1.097735642624781782e+01
1.296664871353763893e+01
1.481694458183052632e+01
1.640984956385205606e+01
1.755254067886448155e+01
1.836299908500034306e+01
1.905828708941665894e+01
1.976580943787508104e+01
2.071643498516789705e+01
2.191616363726917172e+01
2.334131831291330172e+01
2.500073952623251472e+01
2.685224140806446869e+01
2.877069299661850721e+01
3.042455755976734366e+01
3.153162814265874303e+01
3.177162459796602079e+01
3.125769756389156839e+01
3.036390742206572213e+01
2.976953691694281190e+01
2.990452030803157513e+01
3.100634734396584946e+01
3.240198237682911042e+01
3.336478303304898674e+01
3.323899924454281773e+01
3.153759540384980298e+01
2.897184331189378526e+01
2.647798950748231306e+01
2.483040027721529697e+01
2.483593135172662869e+01
2.607343553595514152e+01
2.773017983064508485e+01
2.911232699887540676e+01
2.950760137581568188e+01
2.880865108125226115e+01
2.737223541104941660e+01
2.546585363719017181e+01
2.338893182912112323e+01
2.129777935290238489e+01
1.933609445711397612e+01
1.759771978439023954e+01
1.625819447923451122e+01
1.539102980575156110e+01
1.514978471368887192e+01
1.566411620318231357e+01
