1.001193199075922990e+02
1.001655558881154064e+02
9.418497494223734634e+01
9.666945490269318952e+01
1.022445884077558560e+02
1.108184167244668998e+02
1.208695661304930411e+02
1.316143318796014796e+02
1.412243889348357584e+02
1.491569604786577656e+02
1.539853131628308347e+02
1.558455285278301687e+02
1.555108956353023473e+02
1.531637556385252026e+02
1.495387640878653031e+02
1.453846322044558121e+02
1.416462060815632071e+02
1.390102277458422009e+02
1.387248073671059103e+02
1.404353528476941619e+02
1.433382321993713333e+02
1.460711741719755707e+02
1.480552504627265478e+02
1.485369249519917787e+02
1.476612343907570164e+02
1.460153456984545528e+02
1.437400442498649795e+02
1.410925991176469836e+02
1.386708656640435606e+02
1.369924237929857043e+02
1.363979731140502452e+02
1.372270068203320648e+02
1.388551980569606314e+02
1.403242713991804180e+02
1.407255727070464388e+02
1.391918581362843383e+02
1.358552359202985542e+02
1.316552861644612733e+02
1.279200700618553270e+02
1.243715950453603938e+02
1.223575234240462350e+02
1.206842580115052357e+02
1.202286820003960912e+02
1.198029363943268066e+02
1.198921685057780451e+02
1.198736238977411972e+02
1.196127667228779501e+02
1.185093014405212841e+02
1.167836814238151106e+02
1.146936197184020187e+02
1.126963367059751135e+02
1.112843018311545507e+02
1.107954522218321216e+02
1.103742615619538583e+02
1.088265411204985327e+02
1.059951612509509715e+02
1.002750706259121358e+02
9.348278388623657520e+01
8.685471802582107159e+01
8.179101366444361076e+01
7.997097812464916444e+01
8.121565405618764544e+01
8.448107643237972297e+01
8.924216327685718397e+01
9.455883797202353946e+01
9.965338703648406238e+01
1.035900384776715271e+02
1.057413660425717978e+02
1.051005065379750931e+02
1.018493316777013433e+02
9.733453041154474761e+01
9.299340554526594360e+01
9.004925297252587768e+01
8.950171025504054967e+01
8.987263899540205614e+01
8.942268134239073163e+01
8.703990509587747226e+01
8.157473910466814004e+01
7.395303768314414583e+01
6.534720556368773714e+01
5.703015701563416684e+01
4.990273820076123457e+01
4.439760238036702589e+01
4.024170306473882874e+01
3.759595793575745404e+01
3.635679863222474495e+01
3.606201586434534789e+01
3.631279685245114308e+01
3.658819733545255559e+01
3.632230951989102152e+01
3.529906877032416190e+01
3.404099351535717943e+01
3.277424358502934609e+01
3.183622718698492804e+01
3.160569065588684623e+01
3.226518264130673685e+01
3.421419652530907740e+01
